4.74
6.69
8.66
10.70
12.65
14.70
16.63
18.65
20.67
21.67
22.69
23.68
24.68
25.17
26.68
27.17
28.68
29.14
30.70
31.18
36.70
38.71
40.69
41.67
42.70
43.67
44.69
45.17
46.72
47.20
48.69
49.17
50.65
51.16
52.71
52.95
53.20
54.73
54.96
55.19
56.70
56.94
57.21
58.65
58.91
59.19
60.72
61.25
62.74
63.20
64.69
65.18
66.69
67.15
76.52
77.54
78.57
79.02
80.59
81.58
82.60
83.09
84.58
85.57
86.60
87.12
88.56
89.56
90.68
91.02
91.53
92.53
93.00
94.57
95.06
96.57
97.08
98.55
99.06
100.59
100.82
101.08
102.59
102.82
103.10
104.58
104.81
105.07
106.65
106.84
107.11
108.65
109.09
110.57
110.81
111.08
112.59
113.08
114.61
114.85
115.10
116.59
117.08
117.56
118.12